6011
6012
6014
6016
6017
6018
6020
6021
6022
6023
6024
6025
6026
6027
6028
6032
6035
6036
6037
6038
6039
6061
6065
6066
6067
6074
6078
6079
6080
6081
6082
6086
6087
6090
6091
6092
6093
6094
6095
6096
6097
6098
6099
6131
6132
6133
6134
6137
6139
6141
6142
6147
6192
6198
6200
6201
6202
6206
6301
6302
6303
6304
6305
6306
6307
6308
6309
6310
6311
6312
6313
6314
6323
6324
6326
6327
6329
6375
6387
6388
6389
6390
6391
6392
6393
6394
6395
6397
6398
6399
6423
6425
6442
6443
6444
6445
6446
6447
6448
6449
6502
6503
6504
6505
6506
6507
6508
6509
6510
6511
6512
6513
6514
6515
6516
6517
6518
6519
6520
6521
6522
6523
6524
6525
6526
6527
6528
6529
6530
6532
6534
6560
N/A
N/A